Run semi-empirical minimization
 &qmmm
    qm_theory='AM1', grms_tol=0.0005,
 scfconv=1.d-10, ndiis_attempts=700,   qmcharge=0,
 /
   6     C       -3.5880        1.4400        0.4630 
   6    C1       -3.1870        0.0810       -0.1320 
   6    C2       -1.7340       -0.3520        0.1130 
   6    C3       -0.6600        0.5480       -0.5190 
   6    C4       -0.2820        1.7690        0.3440 
   6    C5       -0.7130        3.1220       -0.2390 
   6    C6       -2.1450        3.5610        0.1060 
   6    C7       -3.2640        2.6550       -0.4280 
   8     O        1.1230        1.8010        0.4520 
   1    H1       -3.1530        1.5540        1.4570 
   1    H2       -4.6710        1.4200        0.5970 
   1    H3       -3.3970        0.0700       -1.2030 
   1    H9       -3.8260       -0.6780        0.3230 
   1    H4       -1.6200       -1.3510       -0.3130 
   1   H10       -1.5530       -0.4430        1.1860 
   1    H5       -0.9840        0.8610       -1.5120 
   1   H11        0.2290       -0.0710       -0.6530 
   1     H       -0.6920        1.6620        1.3510 
   1    H6       -0.0460        3.8900        0.1580 
   1   H12       -0.5890        3.1140       -1.3220 
   1    H7       -2.2420        3.6700        1.1880 
   1   H13       -2.2890        4.5530       -0.3260 
   1    H8       -4.1680        3.2640       -0.4810 
   1   H14       -3.0370        2.3430       -1.4490 
   1   H15        1.4900        1.9110       -0.4280 

